data_set_2 <- c(3.7, 3.11, 4.42, 3.28, 3.75, 2.96, 3.39, 3.31, 
                3.15, 2.81, 1.41, 2.76, 3.19, 1.59, 2.17, 3.51, 
                1.84, 1.61, 1.57, 1.89, 2.74, 3.27, 2.41, 3.09, 
                2.43, 2.53, 2.81, 3.31, 2.35, 2.77, 2.68, 4.91, 
                1.57, 2.00, 1.17, 2.17, 0.39, 2.79, 1.08, 2.88,
                2.73, 2.87, 3.19, 1.87, 2.95, 2.67, 4.20, 2.85, 
                2.55, 2.17, 2.97, 3.68, 0.81, 1.22, 5.08, 1.69, 
                3.68, 4.70, 2.03, 2.82, 2.50, 1.47, 3.22, 3.15, 
                2.97, 2.93, 3.33, 2.56, 2.59, 2.83, 1.36, 1.84, 
                5.56, 1.12, 2.48, 1.25, 2.48, 2.03, 1.61, 2.05,
                3.60, 3.11, 1.69, 4.90, 3.39, 3.22, 2.55, 3.56, 
                2.38, 1.92, 0.98, 1.59, 1.73, 1.71, 1.18, 4.38, 
                0.85, 1.80, 2.12, 3.65)
