data_set_1<- c(0.040,3.478,2.646,2.038,4.167,2.964,2.223,1.652,
               1.866,0.557,3.699,2.820,1.432, 4.278,3.114,2.300,
               2.385,1.911,1.124,3.000,2.097,1.506,4.449,3.344,
               3.443,2.625,1.981, 4.035,2.934,2.190,1.619,4.602,
               0.301,3.578,2.661,1.281,4.240,3.000,2.224,1.757,
               1.876, 0.943,3.779,2.085,1.480,4.305,3.117,2.324,
               2.481,1.912,1.248,2.890,2.135,1.568,4.485, 3.376,
               3.467,2.632,2.010,4.121,2.962,2.194,1.652,4.663,
               0.309,3.595,2.688,1.303,4.255, 3.103,2.229,1.899,
               1.070,3.924,2.089,1.505,4.376,3.166,2.610,1.914,
               1.281,2.902,2.154, 1.615,4.570)
